01001000
00000000
00000010
00000000
01001000
10011000
00000000
00000000
01001000
10100101
00000000
00000000
01001000
10110010
00000000
00000000
01001000
10110011
00000000
00000000
01001000
10110100
00000000
00000000
01001000
10110101
00000000
00000000
01001000
10110110
00000000
00000000
01001000
10110111
00000000
00000000
01001000
10111000
00000000
00000000
01001000
10111001
00000000
00000000
01001000
10111010
00000000
00000000
01001000
10111011
00000000
00000000
01001000
10111100
00000000
00000000
01001000
10111101
00000000
00000000
01001000
11001010
00000000
00000000
01001000
11001011
00000000
00000000
01001000
11011000
00000000
00000000
01001000
11100101
00000000
00000000
01001000
11100110
00000000
00000000
01001000
11100111
00000000
00000000
01001000
11101000
00000000
00000000
01001000
11101001
00000000
00000000
01001000
11101010
00000000
00000000
01001000
11101011
00000000
00000000
01001000
11101100
00000000
00000000
01001000
11101101
00000000
00000000
01001000
11101110
00000000
00000000
01001000
11101111
00000000
00000000
01001000
11110000
00000000
00000000
01001000
11110001
00000000
00000000
01001000
11110010
00000000
00000000
01001000
11110011
00000000
00000000
01001000
11110100
00000000
00000000
01001000
11110101
00000000
00000000
01001000
11110110
00000000
00000000
01001000
11110111
00000000
00000000
01001000
11111000
00000000
00000000
01110000
01100111
00000010
00000000
00101000
00100101
00000010
00000000
00000100
11111111
11111111
00000000
01111000
01110000
01110111
00000010
00000000
00101000
00100101
00000010
00000000
00000100
11111111
11111111
00000000
01111000
01111000
01111000
01111000
01111000
01111000
01111000
01111000
01111000
01111000
01111000
01111000
01110000
10000111
00000010
00000000
00101000
00100101
00000010
00000000
00000100
11111111
11111111
00000000
01111000
01111000
01110000
10010011
00000010
00000000
00101000
00100101
00000010
00000000
00000100
11111111
11111111
00000000
00011000
01110000
10111100
00000010
00000000
00101000
00100101
00000010
00000000
00000100
11111111
11111111
00000000
01111000
01111000
01111000
01111000
01111000
01111000
01111000
01111000
01111000
01111000
01111000
01111000
01111000
01111000
01111000
01111000
01111000
01111000
01111000
01111000
01111000
11111111
11111111
11111111
11111111
11111111
11111111
11111111
11111111
11111111
11111111
11111111
11111111
11111111
11111111
11111111
11111111
11111111
11111111
11111111
11111111
11111111
11111111
11111111
11111111
11111111
11111111
11111111
11111111
11111111
11111111
11111111
11111111
11111111
11111111
11111111
11111111
11111111
11111111
11111111
11111111
11111111
11111111
11111111
11111111
11111111
11111111
11111111
11111111
11111111
11111111
11111111
11111111
11111111
11111111
11111111
11111111
11111111
11111111
11111111
11111111
11111111
11111111
11111111
11111111
11111111
11111111
11111111
11111111
11111111
11111111
11111111
11111111
11111111
11111111
11111111
11111111
11111111
11111111
11111111
11111111
11111111
11111111
11111111
11111111
11111111
11111111
11111111
11111111
11111111
11111111
11111111
11111111
11111111
11111111
11111111
11111111
11111111
11111111
11111111
11111111
11111111
11111111
11111111
11111111
11111111
11111111
11111111
11111111
11111111
11111111
11111111
11111111
11111111
11111111
11111111
11111111
11111111
11111111
11111111
11111111
11111111
11111111
11111111
11111111
11111111
11111111
11111111
11111111
11111111
11111111
11111111
11111111
11111111
11111111
11111111
11111111
11111111
11111111
11111111
11111111
11111111
11111111
11111111
11111111
11111111
11111111
11111111
11111111
11111111
11111111
11111111
11111111
11111111
11111111
11111111
11111111
11111111
11111111
11111111
11111111
11111111
11111111
11111111
11111111
11111111
11111111
11111111
11111111
11111111
11111111
11111111
11111111
11111111
11111111
11111111
11111111
11111111
11111111
11111111
11111111
11111111
11111111
11111111
11111111
11111111
11111111
11111111
11111111
11111111
11111111
11111111
11111111
11111111
11111111
11111111
11111111
11111111
11111111
11111111
11111111
11111111
11111111
11111111
11111111
11111111
11111111
11111111
11111111
11111111
11111111
11111111
11111111
11111111
11111111
11111111
11111111
11111111
11111111
11111111
11111111
11111111
11111111
11111111
11111111
11111111
11111111
11111111
11111111
11111111
11111111
11111111
11111111
11111111
11111111
11111111
11111111
11111111
11111111
11111111
11111111
11111111
11111111
11111111
11111111
11111111
11111111
11111111
11111111
11111111
11111111
11111111
11111111
11111111
11111111
11111111
11111111
11111111
11111111
11111111
11111111
11111111
11111111
11111111
00000011
00000000
00000001
00000100
01001000
00000100
00000010
00000000
00000001
00001100
10000011
10000011
10000011
10000011
10000001
00000010
01001001
11011101
00000010
00000000
00000100
11111110
11111111
00000000
00000001
00000011
10000001
00000010
01001001
11011101
00000010
00000000
00000100
11111110
11111111
00000000
00111000
00000010
00000100
11111110
11111111
00000000
10000100
00000011
01100000
00110100
00000010
00000000
01001000
00100101
00000010
00000000
00111000
00000011
00110000
00000100
11111110
11111111
00000000
00000011
01011000
00000100
11111110
11111111
00000000
01000111
00000000
01000000
00000000
00000001
00001100
10000011
10000011
10000011
10000011
10000001
00000010
01001001
11011101
00000010
00000000
00000100
11111110
11111111
00000000
00000001
00000011
10000001
00000010
01001001
11011101
00000010
00000000
00000100
11111110
11111111
00000000
00000011
00100000
00000100
11111110
11111111
00000000
01001001
01101110
01110100
00100000
00110001
00100000
01100011
01100001
01101100
01101100
01100101
01100100
00100001
00001010
00001101
00000000
01001001
01101110
01110100
00100000
00110010
00100000
01100011
01100001
01101100
01101100
01100101
01100100
00100001
00001010
00001101
00000000
01010100
01101001
01101101
01100101
01110010
00100000
01001001
01101110
01110100
00001010
00001101
00000000
01000101
01111000
01100011
01100101
01110000
01110100
01101001
01101111
01101110
00101100
00100000
01001001
01001110
01010110
01000001
01001100
01001001
01000100
00100000
01001001
01001110
01010011
01010100
01010010
01010101
01000011
01010100
01001001
01001111
01001110
00100000
01001111
01000011
01000011
01010101
01010010
01000101
01000100
00001010
00001101
00000000
01000101
01111000
01100011
01100101
01110000
01110100
01101001
01101111
01101110
00101100
00100000
01000100
01001001
01010110
01001001
01000100
01000101
00100000
01000010
01011001
00100000
01011010
01000101
01010010
01001111
00001010
00001101
00000000
00110000
01111000
00000000
00100000
00000000
00110000
00110001
00110010
00110011
00110100
00110101
00110110
00110111
00111000
00111001
01000001
01000010
01000011
01000100
01000101
01000110
